Running on host compute103.bc4.acrc.priv
Time is Thu Apr 28 18:42:39 BST 2022
Directory is /user/home/fi19121
Slurm job ID is 10271786
This job runs on the following machines:
compute[103,108,216,300]
23.135373
11.997123
8.293458
6.330207
5.454369
4.680186
4.337989
3.455628
3.872967
3.683377
3.373659
3.289694
2.853458
2.445460
2.296614
2.202926
2.485933
2.210422
1.976695
2.211222
1.860080
1.845847
1.750442
1.756901
1.785515
1.707272
1.519658
1.601694
1.635952
1.615780
1.519639
1.380008
1.335273
1.430005
1.385411
1.350237
1.263583
1.428547
1.378661
1.355397
1.343787
1.284711
1.093992
1.206115
1.172248
1.145664
1.175390
1.142599
1.203204
1.141095
1.186865
1.184557
1.191642
1.268130
1.131008
1.219200
1.240330
1.125311
1.222132
1.226585
1.240673
1.257629
1.059826
1.009868
0.919344
0.953976
0.915097
1.027545
0.979144
0.970223
0.879739
0.937901
0.936036
0.949687
0.907662
0.881785
1.064356
0.913138
0.891388
1.048616
1.023984
0.915087
1.019418
1.032436
0.910120
1.053605
0.997677
1.022381
0.936348
1.067514
0.993897
0.957922
1.021515
1.080667
1.040019
0.972076
0.966288
0.973500
0.987445
0.990195
1.125450
1.037368
1.120090
1.000709
1.071175
1.100318
1.086843
1.052351
1.109299
1.237190
1.122596
1.401600
